60.1 11.5
61.3 12.2
62.4 13.8
63.6 14.5
64.9 15.1
65.3 16.7
66.5 17.3
67.7 18.4
68.1 19.2
69.4 20.5
70.3 21.8
71.2 22.6
72.5 23.9
73.8 24.5
74.4 25.1
75.1 26.3
76.4 27.6
77.9 28.1
78.6 29.2
79.1 30.8
80.3 31.5
81.6 32.9
82.9 33.7
83.3 34.5
84.7 35.8
85.2 36.4
86.8 37.1
87.4 38.2
88.5 39.6
89.1 40.8
90.4 41.3
91.2 42.5
92.3 43.1
93.6 44.4
94.8 45.5
95.4 46.1
96.3 47.8
97.6 48.4
98.2 49.3
99.5 50.2
100.0 51.4
99.1 52.8
98.3 53.2
97.4 54.5
96.8 55.7
95.6 56.9
94.5 57.4
93.3 58.2
92.1 59.6
91.4 60.0
