15.2 62.5
16.3 61.2
17.1 60.4
18.8 59.6
19.4 58.3
20.2 57.1
21.5 55.9
22.7 54.8
23.3 53.6
24.5 52.1
25.8 51.4
26.4 50.3
27.7 49.2
28.3 48.4
29.1 47.8
30.5 46.3
31.9 45.6
32.7 44.5
33.8 43.9
34.2 42.6
35.6 41.7
36.1 40.8
37.5 39.6
38.2 38.5
39.4 37.3
40.6 36.8
41.8 35.4
42.2 34.3
43.9 33.8
44.6 32.7
45.9 31.3
46.3 30.4
47.7 29.1
48.8 28.2
49.2 27.5
50.3 26.1
51.5 25.6
52.8 24.3
53.1 23.8
54.2 22.6
55.8 21.7
56.2 20.5
57.6 19.9
58.9 18.4
59.3 17.1
60.7 16.6
61.1 15.2
62.4 14.8
63.5 13.6
64.1 12.3
